#...i    step           time                          C_v                     C_i                    C_2i                   rho_N                     C_I                     d_J
     1        0  0.000000000000000E+000     1.000000000000000E+000  1.000000000000000E+000  1.000000000000000E+000  1.000000000000000E+000  1.000000000000000E+000  1.000000000000000E+000
     2       10  1.000000000000000E-002     8.387773221202921E-001  7.208090336024854E-001  1.038550142728321E+000  1.018995501210550E+000  9.008774989761704E-001  9.558224028931216E-001
     3       20  2.000000000000001E-002     7.084528858189489E-001  5.854076358830584E-001  1.021513259856028E+000  1.034156508982661E+000  8.236233270094251E-001  9.262777453774342E-001
     4       30  3.000000000000002E-002     6.038438346694092E-001  5.035408674582791E-001  9.909493516622260E-001  1.046510549202366E+000  7.605243404428219E-001  9.062647199368218E-001
     5       40  4.000000000000003E-002     5.194482515351724E-001  4.470124625055666E-001  9.581825346368857E-001  1.056706453499035E+000  7.073271034369542E-001  8.929742751880002E-001
     6       50  5.000000000000004E-002     4.508377604596638E-001  4.045869919241840E-001  9.266624557437719E-001  1.065184514112629E+000  6.614348203505059E-001  8.846972195723313E-001
     7       60  6.000000000000005E-002     3.946281574652049E-001  3.710041656720764E-001  8.973700886729081E-001  1.072259128346724E+000  6.211474906877401E-001  8.803188919389557E-001
     8       70  7.000000000000005E-002     3.482515773243307E-001  3.434811021758851E-001  8.704412875944153E-001  1.078163528888937E+000  5.852932951269059E-001  8.790737836720479E-001
     9       80  8.000000000000006E-002     3.097480254035282E-001  3.203932171103361E-001  8.457234975578387E-001  1.083075953782032E+000  5.530316347829461E-001  8.804146707530337E-001
    10       90  9.000000000000007E-002     2.776065526327798E-001  3.007122922170950E-001  8.229806993756351E-001  1.087135895889800E+000  5.237400150281794E-001  8.839377228935996E-001
    11      100  1.000000000000001E-001     2.506497088858345E-001  2.837430814507834E-001  8.019703314793009E-001  1.090454680151919E+000  4.969453038255596E-001  8.893371960953781E-001
    12      110  1.100000000000001E-001     2.279502188886949E-001  2.689896329757627E-001  7.824707052309980E-001  1.093122618532140E+000  4.722800032300708E-001  8.963767512780689E-001
    13      120  1.200000000000001E-001     2.087706234305416E-001  2.560826334765329E-001  7.642887329284318E-001  1.095214007101863E+000  4.494533606542437E-001  9.048705967163275E-001
    14      130  1.300000000000001E-001     1.925191334283957E-001  2.447374719545524E-001  7.472599135203344E-001  1.096790711418122E+000  4.282316666079142E-001  9.146706823641410E-001
    15      140  1.400000000000001E-001     1.787169704863292E-001  2.347287151858068E-001  7.312455115686407E-001  1.097904798919107E+000  4.084244474790545E-001  9.256577565663349E-001
    16      150  1.500000000000001E-001     1.669739185930080E-001  2.258738280373632E-001  7.161289818411667E-001  1.098600510374898E+000  3.898745597457977E-001  9.377349637662569E-001
    17      160  1.600000000000001E-001     1.569698111818328E-001  2.180223551582607E-001  7.018124680071505E-001  1.098915762012627E+000  3.724509363259761E-001  9.508231585187977E-001
    18      170  1.700000000000001E-001     1.484403593630799E-001  2.110484697453859E-001  6.882136766897855E-001  1.098883307409106E+000  3.560431786781380E-001  9.648574058335109E-001
    19      180  1.800000000000001E-001     1.411661927332561E-001  2.048456790794638E-001  6.752632026613939E-001  1.098531648171366E+000  3.405574604307471E-001  9.797843183832561E-001
    20      190  1.900000000000001E-001     1.349643045628823E-001  1.993229593850669E-001  6.629022886510526E-001  1.097885756079934E+000  3.259133803571000E-001  9.955599948112078E-001
    21      200  2.000000000000001E-001     1.296813158372138E-001  1.944018668861821E-001  6.510809699045202E-001  1.096967651650872E+000  3.120415140306712E-001  1.012148396782508E+000
    22      210  2.100000000000002E-001     1.251881290928793E-001  1.900143335159044E-001  6.397565459882905E-001  1.095796871910300E+000  2.988814874234020E-001  1.029520050891234E+000
    23      220  2.200000000000002E-001     1.213756541931546E-001  1.861009541519102E-001  6.288923252600146E-001  1.094390851671522E+000  2.863804457198491E-001  1.047650994170486E+000
    24      230  2.300000000000002E-001     1.181513681053272E-001  1.826096340566566E-001  6.184565941145671E-001  1.092765236558766E+000  2.744918250770077E-001  1.066521904331034E+000
    25      240  2.400000000000002E-001     1.154365288144712E-001  1.794945051277721E-001  6.084217705554038E-001  1.090934141656244E+000  2.631743592004230E-001  1.086117371450660E+000
    26      250  2.500000000000002E-001     1.131639061475278E-001  1.767150460275896E-001  5.987637085980931E-001  1.088910366464618E+000  2.523912697815595E-001  1.106425278871860E+000
    27      260  2.600000000000002E-001     1.112759239051811E-001  1.742353592146547E-001  5.894611260592227E-001  1.086705574475337E+000  2.421096022332460E-001  1.127436268984348E+000
    28      270  2.700000000000002E-001     1.097231313762821E-001  1.720235703392527E-001  5.804951333499264E-001  1.084330443892357E+000  2.322996772185510E-001  1.149143275327234E+000
    29      280  2.800000000000002E-001     1.084629401971099E-001  1.700513242469342E-001  5.718488450562690E-001  1.081794794678119E+000  2.229346351709884E-001  1.171541106688075E+000
    30      290  2.900000000000002E-001     1.074585761462756E-001  1.682933581383931E-001  5.635070594748206E-001  1.079107696062461E+000  2.139900560195031E-001  1.194626072042268E+000
    31      300  3.000000000000002E-001     1.066782059328877E-001  1.667271370270773E-001  5.554559940125821E-001  1.076277557848416E+000  2.054436401245431E-001  1.218395637572020E+000
    32      310  3.100000000000002E-001     1.060942071347922E-001  1.653325400257856E-001  5.476830665754444E-001  1.073312208219272E+000  1.972749393281294E-001  1.242848108843786E+000
    33      320  3.200000000000002E-001     1.056825557552925E-001  1.640915885239365E-001  5.401767148604051E-001  1.070218960254491E+000  1.894651292534186E-001  1.267982332659398E+000
    34      330  3.300000000000002E-001     1.054223108180323E-001  1.629882092249409E-001  5.329262469175752E-001  1.067004668966887E+000  1.819968157249435E-001  1.293797414239098E+000
    35      340  3.400000000000002E-001     1.052951793281721E-001  1.620080264640337E-001  5.259217175263364E-001  1.063675780356742E+000  1.748538695410436E-001  1.320292446324337E+000
    36      350  3.500000000000003E-001     1.052851480313550E-001  1.611381793390194E-001  5.191538258899331E-001  1.060238373722887E+000  1.680212849042060E-001  1.347466247563356E+000
    37      360  3.600000000000003E-001     1.053781708796462E-001  1.603671600448285E-001  5.126138309373329E-001  1.056698198263047E+000  1.614850576693356E-001  1.375317108206701E+000
    38      370  3.700000000000003E-001     1.055619031020199E-001  1.596846704697981E-001  5.062934811644825E-001  1.053060704826073E+000  1.552320802538521E-001  1.403842541725267E+000
    39      380  3.800000000000003E-001     1.058254743804198E-001  1.590814946331605E-001  5.001849564761437E-001  1.049331073539084E+000  1.492500506043555E-001  1.433039041494062E+000
    40      390  3.900000000000003E-001     1.061592949313485E-001  1.585493849536895E-001  4.942808199258730E-001  1.045514237917350E+000  1.435273930608266E-001  1.462901842178092E+000
    41      400  4.000000000000003E-001     1.065548893496816E-001  1.580809606645969E-001  4.885739776124671E-001  1.041614905969046E+000  1.380531893227154E-001  1.493424685924832E+000
    42      410  4.100000000000003E-001     1.070047539345635E-001  1.576696169491690E-001  4.830576452901210E-001  1.037637578727277E+000  1.328171180186723E-001  1.524599593918778E+000
    43      420  4.200000000000003E-001     1.075022339249515E-001  1.573094435801549E-001  4.777253204975936E-001  1.033586566575045E+000  1.278094016261610E-001  1.556416644291945E+000
    44      430  4.300000000000003E-001     1.080414176546889E-001  1.569951520149389E-001  4.725707592177878E-001  1.029466003672772E+000  1.230207596890266E-001  1.588863757811080E+000
    45      440  4.400000000000003E-001     1.086170451177350E-001  1.567220100367821E-001  4.675879562505422E-001  1.025279860750822E+000  1.184423674483408E-001  1.621926493175966E+000
    46      450  4.500000000000003E-001     1.092244288323275E-001  1.564857831465979E-001  4.627711286240017E-001  1.021031956489556E+000  1.140658191409327E-001  1.655587854159079E+000
    47      460  4.600000000000004E-001     1.098593852235707E-001  1.562826820049844E-001  4.581147014885308E-001  1.016725967675698E+000  1.098830953360174E-001  1.689828111187547E+000
    48      470  4.700000000000004E-001     1.105181750194437E-001  1.561093153045502E-001  4.536132960357445E-001  1.012365438295196E+000  1.058865337773745E-001  1.724624640304638E+000
    49      480  4.800000000000004E-001     1.111974513853122E-001  1.559626475209904E-001  4.492617190671607E-001  1.007953787698361E+000  1.020688032798859E-001  1.759951782737669E+000
    50      490  4.900000000000004E-001     1.118942147147086E-001  1.558399610502496E-001  4.450549539049757E-001  1.003494317952460E+000  9.842288029758900E-002  1.795780728529080E+000
    51      500  5.000000000000003E-001     1.126057731558591E-001  1.557388222902691E-001  4.409881523938156E-001  9.989902204793020E-001  9.494202783791081E-002  1.832079427842175E+000
    52      510  5.100000000000003E-001     1.133297080894897E-001  1.556570512706598E-001  4.370566277889354E-001  9.944445820604163E-001  9.161977644518406E-002  1.868812533617177E+000
    53      520  5.200000000000004E-001     1.140638438881508E-001  1.555926944732475E-001  4.332558483648327E-001  9.898603902797497E-001  8.844990701736749E-002  1.905941379211057E+000
    54      530  5.300000000000004E-001     1.148062213842016E-001  1.555440005216595E-001  4.295814316099500E-001  9.852405384630460E-001  8.542643525428620E-002  1.943423994491301E+000
    55      540  5.400000000000004E-001     1.155550745556323E-001  1.555093984496088E-001  4.260291388991962E-001  9.805878301640089E-001  8.254359756466492E-002  1.981215163556740E+000
    56      550  5.500000000000004E-001     1.163088100084692E-001  1.554874782858151E-001  4.225948705573593E-001  9.759049832397626E-001  7.979583828356730E-002  2.019266526818175E+000
    57      560  5.600000000000004E-001     1.170659888936114E-001  1.554769737189784E-001  4.192746612439258E-001  9.711946335517747E-001  7.717779807225794E-002  2.057526729582749E+000
    58      570  5.700000000000004E-001     1.178253109462463E-001  1.554767466292477E-001  4.160646756040034E-001  9.664593383232059E-001  7.468430338954803E-002  2.095941618549174E+000
    59      580  5.800000000000004E-001     1.185856003788632E-001  1.554857732934480E-001  4.129612041415563E-001  9.617015791793870E-001  7.231035693785522E-002  2.134454486743109E+000
    60      590  5.900000000000004E-001     1.193457933954797E-001  1.555031320902008E-001  4.099606592804518E-001  9.569237648947554E-001  7.005112899891548E-002  2.173006366417726E+000
    61      600  6.000000000000004E-001     1.201049271259846E-001  1.555279925481650E-001  4.070595715862768E-001  9.521282338669125E-001  6.790194958368863E-002  2.211536368336056E+000
    62      610  6.100000000000004E-001     1.208621298062785E-001  1.555596055961195E-001  4.042545861278594E-001  9.473172563364809E-001  6.585830132880785E-002  2.249982064669553E+000
    63      620  6.200000000000004E-001     1.216166120528544E-001  1.555972948876427E-001  4.015424589621678E-001  9.424930363699885E-001  6.391581307821181E-002  2.288279911528953E+000
    64      630  6.300000000000004E-001     1.223676591001610E-001  1.556404490858546E-001  3.989200537300054E-001  9.376577136220374E-001  6.207025409360845E-002  2.326365705933182E+000
    65      640  6.400000000000005E-001     1.231146238860251E-001  1.556885150051888E-001  3.963843383528536E-001  9.328133648924383E-001  6.031752884136996E-002  2.364175070868180E+000
    66      650  6.500000000000005E-001     1.238569208849810E-001  1.557409915175603E-001  3.939323818234931E-001  9.279620054937274E-001  5.865367230654937E-002  2.401643961041122E+000
    67      660  6.600000000000005E-001     1.245940206019077E-001  1.557974241396989E-001  3.915613510847808E-001  9.231055904444657E-001  5.707484578711854E-002  2.438709181047141E+000
    68      670  6.700000000000005E-001     1.253254446492112E-001  1.558574002269048E-001  3.892685079922914E-001  9.182460155038663E-001  5.557733312342125E-002  2.475308906982419E+000
    69      680  6.800000000000005E-001     1.260507613401541E-001  1.559205447061490E-001  3.870512063575222E-001  9.133851180635554E-001  5.415753731936148E-002  2.511383202100157E+000
    70      690  6.900000000000005E-001     1.267695817390415E-001  1.559865162883572E-001  3.849068890690876E-001  9.085246779125667E-001  5.281197751314116E-002  2.546874516945683E+000
    71      700  7.000000000000005E-001     1.274815561160120E-001  1.560550041059586E-001  3.828330852898518E-001  9.036664178919486E-001  5.153728625654080E-002  2.581728164543316E+000
    72      710  7.100000000000005E-001     1.281863707603016E-001  1.561257247274088E-001  3.808274077283100E-001  8.988120044555727E-001  5.033020706290417E-002  2.615892761646153E+000
    73      720  7.200000000000005E-001     1.288837451111829E-001  1.561984195054825E-001  3.788875499827629E-001  8.939630481538341E-001  4.918759218522934E-002  2.649320627791857E+000
    74      730  7.300000000000005E-001     1.295734291704555E-001  1.562728522207121E-001  3.770112839569834E-001  8.891211040568726E-001  4.810640058715243E-002  2.681968134908984E+000
    75      740  7.400000000000005E-001     1.302552011644544E-001  1.563488069854950E-001  3.751964573461516E-001  8.842876721337213E-001  4.708369607118620E-002  2.713796001452298E+000
    76      750  7.500000000000006E-001     1.309288654271559E-001  1.564260863781288E-001  3.734409911918693E-001  8.794641976033633E-001  4.611664553037732E-002  2.744769526462834E+000
    77      760  7.600000000000006E-001     1.315942504791435E-001  1.565045097794128E-001  3.717428775050678E-001  8.746520712730388E-001  4.520251729158908E-002  2.774858760491631E+000
    78      770  7.700000000000006E-001     1.322512072800277E-001  1.565839118875076E-001  3.701001769556042E-001  8.698526298783222E-001  4.433867952089880E-002  2.804038611932087E+000
    79      780  7.800000000000006E-001     1.328996076344314E-001  1.566641413894999E-001  3.685110166273117E-001  8.650671564384556E-001  4.352259866410622E-002  2.832288888910063E+000
    80      790  7.900000000000006E-001     1.335393427338982E-001  1.567450597706094E-001  3.669735878372399E-001  8.602968806392295E-001  4.275183789805326E-002  2.859594278421134E+000
    81      800  8.000000000000006E-001     1.341703218190997E-001  1.568265402442207E-001  3.654861440177833E-001  8.555429792543436E-001  4.202405557131550E-002  2.885944265823619E+000
    82      810  8.100000000000006E-001     1.347924709485228E-001  1.569084667879438E-001  3.640469986603712E-001  8.508065766147112E-001  4.133700361579657E-002  2.911332999046536E+000
    83      820  8.200000000000006E-001     1.354057318614465E-001  1.569907332727267E-001  3.626545233193732E-001  8.460887451336099E-001  4.068852591378672E-002  2.935759102915860E+000
    84      830  8.300000000000006E-001     1.360100609244831E-001  1.570732426736744E-001  3.613071456748513E-001  8.413905058939698E-001  4.007655660807884E-002  2.959225449815296E+000
    85      840  8.400000000000006E-001     1.366054281522735E-001  1.571559063526887E-001  3.600033476527933E-001  8.367128293024700E-001  3.949911834571822E-002  2.981738893466519E+000
    86      850  8.500000000000006E-001     1.371918162941153E-001  1.572386434043399E-001  3.587416636014579E-001  8.320566358135015E-001  3.895432044884214E-002  3.003309972938094E+000
    87      860  8.600000000000007E-001     1.377692199793644E-001  1.573213800575414E-001  3.575206785224705E-001  8.274227967245100E-001  3.844035700879582E-002  3.023952594082188E+000
    88      870  8.700000000000007E-001     1.383376449154026E-001  1.574040491266108E-001  3.563390263553268E-001  8.228121350427674E-001  3.795550490224979E-002  3.043683695473705E+000
    89      880  8.800000000000007E-001     1.388971071328154E-001  1.574865895062041E-001  3.551953883139795E-001  8.182254264222576E-001  3.749812173035801E-002  3.062522905614332E+000
    90      890  8.900000000000007E-001     1.394476322731773E-001  1.575689457053870E-001  3.540884912742100E-001  8.136634001681409E-001  3.706664368405868E-002  3.080492197695813E+000
    91      900  9.000000000000007E-001     1.399892549155051E-001  1.576510674167909E-001  3.530171062105132E-001  8.091267403051738E-001  3.665958334041280E-002  3.097615547627222E+000
    92      910  9.100000000000007E-001     1.405220179380296E-001  1.577329091173876E-001  3.519800466812573E-001  8.046160867055414E-001  3.627552739639060E-002  3.113918600354807E+000
    93      920  9.200000000000007E-001     1.410459719124393E-001  1.578144296979189E-001  3.509761673609073E-001  8.001320362707820E-001  3.591313434774958E-002  3.129428348773995E+000
    94      930  9.300000000000007E-001     1.415611745281948E-001  1.578955921184450E-001  3.500043626181368E-001  7.956751441618938E-001  3.557113212160533E-002  3.144172828782420E+000
    95      940  9.400000000000007E-001     1.420676900448833E-001  1.579763630878380E-001  3.490635651386821E-001  7.912459250712509E-001  3.524831567198969E-002  3.158180833277611E+000
    96      950  9.500000000000007E-001     1.425655887709087E-001  1.580567127653481E-001  3.481527445918226E-001  7.868448545296690E-001  3.494354454813427E-002  3.171481647186182E+000
    97      960  9.600000000000007E-001     1.430549465670766E-001  1.581366144826213E-001  3.472709063394004E-001  7.824723702418001E-001  3.465574044543253E-002  3.184104804941162E+000
    98      970  9.700000000000008E-001     1.435358443738552E-001  1.582160444847552E-001  3.464170901863182E-001  7.781288734430060E-001  3.438388474904226E-002  3.196079871213921E+000
    99      980  9.800000000000008E-001     1.440083677612775E-001  1.582949816891470E-001  3.455903691714811E-001  7.738147302709486E-001  3.412701607991868E-002  3.207436245165960E+000
   100      990  9.900000000000008E-001     1.444726065005916E-001  1.583734074610272E-001  3.447898483981653E-001  7.695302731453171E-001  3.388422785273976E-002  3.218202988018556E+000
   101     1000  1.000000000000001E+000     1.449286541568843E-001  1.584513054046817E-001  3.440146639028237E-001  7.652758021493791E-001  3.365466585472873E-002  3.228408673346366E+000
   102     1010  1.010000000000000E+000     1.453766077019870E-001  1.585286611694536E-001  3.432639815613481E-001  7.610515864073847E-001  3.343752585381570E-002  3.238081259183011E+000
   103     1020  1.019999999999998E+000     1.458165671470435E-001  1.586054622696865E-001  3.425369960318340E-001  7.568578654522471E-001  3.323205124393844E-002  3.247247980778856E+000
   104     1030  1.029999999999997E+000     1.462486351941616E-001  1.586816979178304E-001  3.418329297328956E-001  7.526948505783432E-001  3.303753073458044E-002  3.255935262668141E+000
   105     1040  1.039999999999996E+000     1.466729169066067E-001  1.587573588699729E-001  3.411510318566043E-001  7.485627261747559E-001  3.285329609090616E-002  3.264168648577965E+000
   106     1050  1.049999999999995E+000     1.470895193970124E-001  1.588324372830982E-001  3.404905774151250E-001  7.444616510347459E-001  3.267871993009389E-002  3.271972747638076E+000
   107     1060  1.059999999999994E+000     1.474985515330957E-001  1.589069265834065E-001  3.398508663201418E-001  7.403917596377275E-001  3.251321357870442E-002  3.279371195320926E+000
   108     1070  1.069999999999993E+000     1.479001236603670E-001  1.589808213450524E-001  3.392312224941724E-001  7.363531634005083E-001  3.235622499517062E-002  3.286386627548418E+000
   109     1080  1.079999999999992E+000     1.482943473413234E-001  1.590541171786849E-001  3.386309930128786E-001  7.323459518950165E-001  3.220723676076158E-002  3.293040666438609E+000
   110     1090  1.089999999999991E+000     1.486813351106098E-001  1.591268106291911E-001  3.380495472774911E-001  7.283701940302018E-001  3.206576414167366E-002  3.299353916225688E+000
   111     1100  1.099999999999990E+000     1.490612002456248E-001  1.591988990820679E-001  3.374862762164786E-001  7.244259391962241E-001  3.193135322423678E-002  3.305345967964222E+000
   112     1110  1.109999999999989E+000     1.494340565520406E-001  1.592703806778644E-001  3.369405915155933E-001  7.205132183694615E-001  3.180357912460475E-002  3.311035411718684E+000
   113     1120  1.119999999999987E+000     1.498000181637002E-001  1.593412542341566E-001  3.364119248754449E-001  7.166320451772370E-001  3.168204427372413E-002  3.316439855037424E+000
   114     1130  1.129999999999986E+000     1.501591993563449E-001  1.594115191745387E-001  3.358997272957562E-001  7.127824169215301E-001  3.156637677785192E-002  3.321575946612639E+000
   115     1140  1.139999999999985E+000     1.505117143746259E-001  1.594811754641312E-001  3.354034683854721E-001  7.089643155612514E-001  3.145622885441905E-002  3.326459404131622E+000
   116     1150  1.149999999999984E+000     1.508576772718436E-001  1.595502235511302E-001  3.349226356978979E-001  7.051777086529529E-001  3.135127534261248E-002  3.331105045427075E+000
   117     1160  1.159999999999983E+000     1.511972017618617E-001  1.596186643139433E-001  3.344567340900636E-001  7.014225502501021E-001  3.125121228767543E-002  3.335526822133689E+000
   118     1170  1.169999999999982E+000     1.515304010826414E-001  1.596864990134748E-001  3.340052851055170E-001  6.976987817612840E-001  3.115575559759938E-002  3.339737855153110E+000
   119     1180  1.179999999999981E+000     1.518573878708451E-001  1.597537292501517E-001  3.335678263797664E-001  6.940063327678917E-001  3.106463977060163E-002  3.343750471318744E+000
   120     1190  1.189999999999980E+000     1.521782740469620E-001  1.598203569252968E-001  3.331439110676064E-001  6.903451218020398E-001  3.097761669154639E-002  3.347576240735001E+000
   121     1200  1.199999999999979E+000     1.524931707104180E-001  1.598863842064832E-001  3.327331072915767E-001  6.867150570855857E-001  3.089445449527172E-002  3.351226014342073E+000
   122     1210  1.209999999999978E+000     1.528021880441383E-001  1.599518134965219E-001  3.323349976108190E-001  6.831160372312656E-001  3.081493649462710E-002  3.354709961327136E+000
   123     1220  1.219999999999976E+000     1.531054352280435E-001  1.600166474057585E-001  3.319491785096141E-001  6.795479519070484E-001  3.073886017090342E-002  3.358037606065848E+000
   124     1230  1.229999999999975E+000     1.534030203609723E-001  1.600808887273759E-001  3.315752599048983E-001  6.760106824648999E-001  3.066603622424574E-002  3.361217864334513E+000
   125     1240  1.239999999999974E+000     1.536950503905360E-001  1.601445404154191E-001  3.312128646720749E-001  6.725041025352051E-001  3.059628768157596E-002  3.364259078583417E+000
   126     1250  1.249999999999973E+000     1.539816310504270E-001  1.602076055652809E-001  3.308616281884562E-001  6.690280785881478E-001  3.052944905951534E-002  3.367169052106112E+000
   127     1260  1.259999999999972E+000     1.542628668047181E-001  1.602700873964042E-001  3.305211978936886E-001  6.655824704633637E-001  3.046536557978100E-002  3.369955081978063E+000
   128     1270  1.269999999999971E+000     1.545388607987054E-001  1.603319892369780E-001  3.301912328665295E-001  6.621671318692209E-001  3.040389243453583E-002  3.372623990671710E+000
   129     1280  1.279999999999970E+000     1.548097148158675E-001  1.603933145104185E-001  3.298714034173698E-001  6.587819108530670E-001  3.034489409919218E-002  3.375182156283843E+000
   130     1290  1.289999999999969E+000     1.550755292405277E-001  1.604540667234489E-001  3.295613906959048E-001  6.554266502437911E-001  3.028824369020666E-002  3.377635541335867E+000
   131     1300  1.299999999999968E+000     1.553364030258270E-001  1.605142494556021E-001  3.292608863133851E-001  6.521011880680256E-001  3.023382236545149E-002  3.379989720128387E+000
   132     1310  1.309999999999967E+000     1.555924336666332E-001  1.605738663499893E-001  3.289695919788894E-001  6.488053579413022E-001  3.018151876480751E-002  3.382249904648934E+000
   133     1320  1.319999999999965E+000     1.558437171770272E-001  1.606329211051912E-001  3.286872191490843E-001  6.455389894354361E-001  3.013122848869078E-002  3.384420969046146E+000
   134     1330  1.329999999999964E+000     1.560903480720291E-001  1.606914174681415E-001  3.284134886909538E-001  6.423019084233955E-001  3.008285361229974E-002  3.386507472695364E+000
   135     1340  1.339999999999963E+000     1.563324193532418E-001  1.607493592278833E-001  3.281481305569959E-001  6.390939374028627E-001  3.003630223344864E-002  3.388513681890136E+000
   136     1350  1.349999999999962E+000     1.565700224981093E-001  1.608067502100952E-001  3.278908834724085E-001  6.359148957996646E-001  2.999148805193703E-002  3.390443590201419E+000
   137     1360  1.359999999999961E+000     1.568032474525021E-001  1.608635942722888E-001  3.276414946337947E-001  6.327646002521992E-001  2.994832997849046E-002  3.392300937552020E+000
   138     1370  1.369999999999960E+000     1.570321826263594E-001  1.609198952995940E-001  3.273997194189437E-001  6.296428648779490E-001  2.990675177139575E-002  3.394089228057873E+000
   139     1380  1.379999999999959E+000     1.572569148921355E-001  1.609756572010548E-001  3.271653211072555E-001  6.265495015231211E-001  2.986668169904232E-002  3.395811746690670E+000
   140     1390  1.389999999999958E+000     1.574775295858099E-001  1.610308839063679E-001  3.269380706103935E-001  6.234843199964101E-001  2.982805222666933E-002  3.397471574818171E+000
   141     1400  1.399999999999957E+000     1.576941105102401E-001  1.610855793630037E-001  3.267177462127672E-001  6.204471282878325E-001  2.979079972570605E-002  3.399071604679366E+000
   142     1410  1.409999999999956E+000     1.579067399406458E-001  1.611397475336570E-001  3.265041333214646E-001  6.174377327735395E-001  2.975486420417888E-002  3.400614552851839E+000
   143     1420  1.419999999999954E+000     1.581154986320306E-001  1.611933923939782E-001  3.262970242252589E-001  6.144559384074642E-001  2.972018905674328E-002  3.402102972768175E+000
   144     1430  1.429999999999953E+000     1.583204658283584E-001  1.612465179305472E-001  3.260962178623456E-001  6.115015489006165E-001  2.968672083298055E-002  3.403539266337324E+000
   145     1440  1.439999999999952E+000     1.585217192733147E-001  1.612991281390498E-001  3.259015195964616E-001  6.085743668887998E-001  2.965440902267960E-002  3.404925694725433E+000
   146     1450  1.449999999999951E+000     1.587193352224963E-001  1.613512270226289E-001  3.257127410010666E-001  6.056741940894714E-001  2.962320585690074E-002  3.406264388348973E+000
   147     1460  1.459999999999950E+000     1.589133884568795E-001  1.614028185903798E-001  3.255296996512707E-001  6.028008314484401E-001  2.959306612369264E-002  3.407557356131145E+000
   148     1470  1.469999999999949E+000     1.591039522974353E-001  1.614539068559696E-001  3.253522189232097E-001  5.999540792770413E-001  2.956394699740459E-002  3.408806494070372E+000
   149     1480  1.479999999999948E+000     1.592910986207609E-001  1.615044958363565E-001  3.251801278005798E-001  5.971337373804039E-001  2.953580788060435E-002  3.410013593167555E+000
   150     1490  1.489999999999947E+000     1.594748978756143E-001  1.615545895505955E-001  3.250132606880555E-001  5.943396051773793E-001  2.950861025767643E-002  3.411180346756499E+000
   151     1500  1.499999999999946E+000     1.596554191002429E-001  1.616041920187133E-001  3.248514572313261E-001  5.915714818126685E-001  2.948231755923741E-002  3.412308357279562E+000
   152     1510  1.509999999999944E+000     1.598327299404059E-001  1.616533072606412E-001  3.246945621434973E-001  5.888291662616512E-001  2.945689503656320E-002  3.413399142548347E+000
   153     1520  1.519999999999943E+000     1.600068966680000E-001  1.617019392951950E-001  3.245424250376139E-001  5.861124574283940E-001  2.943230964527840E-002  3.414454141526885E+000
   154     1530  1.529999999999942E+000     1.601779842002032E-001  1.617500921390950E-001  3.243949002650703E-001  5.834211542372759E-001  2.940852993761029E-002  3.415474719672592E+000
   155     1540  1.539999999999941E+000     1.603460561190592E-001  1.617977698060168E-001  3.242518467596850E-001  5.807550557186429E-001  2.938552596255906E-002  3.416462173868042E+000
   156     1550  1.549999999999940E+000     1.605111746914314E-001  1.618449763056693E-001  3.241131278872240E-001  5.781139610888840E-001  2.936326917338210E-002  3.417417736974512E+000
   157     1560  1.559999999999939E+000     1.606734008892600E-001  1.618917156428939E-001  3.239786113001697E-001  5.754976698252885E-001  2.934173234183393E-002  3.418342582036187E+000
   158     1570  1.569999999999938E+000     1.608327944100635E-001  1.619379918167836E-001  3.238481687975330E-001  5.729059817360186E-001  2.932088947864379E-002  3.419237826161982E+000
   159     1580  1.579999999999937E+000     1.609894136976288E-001  1.619838088198162E-001  3.237216761895254E-001  5.703386970255181E-001  2.930071575975129E-002  3.420104534110069E+000
   160     1590  1.589999999999936E+000     1.611433159628402E-001  1.620291706370038E-001  3.235990131669033E-001  5.677956163556475E-001  2.928118745785620E-002  3.420943721598418E+000
   161     1600  1.599999999999935E+000     1.612945572046018E-001  1.620740812450526E-001  3.234800631748165E-001  5.652765409028204E-001  2.926228187887178E-002  3.421756358362988E+000
   162     1610  1.609999999999933E+000     1.614431922308103E-001  1.621185446115372E-001  3.233647132909884E-001  5.627812724113989E-001  2.924397730290200E-002  3.422543370983626E+000
   163     1620  1.619999999999932E+000     1.615892746793423E-001  1.621625646940849E-001  3.232528541080722E-001  5.603096132435819E-001  2.922625292939198E-002  3.423305645496228E+000
   164     1630  1.629999999999931E+000     1.617328570390199E-001  1.622061454395726E-001  3.231443796200253E-001  5.578613664260167E-001  2.920908882612830E-002  3.424044029808328E+000
   165     1640  1.639999999999930E+000     1.618739906705240E-001  1.622492907833356E-001  3.230391871123572E-001  5.554363356933287E-001  2.919246588178995E-002  3.424759335933952E+000
   166     1650  1.649999999999929E+000     1.620127258272276E-001  1.622920046483878E-001  3.229371770561076E-001  5.530343255287768E-001  2.917636576177516E-002  3.425452342062379E+000
   167     1660  1.659999999999928E+000     1.621491116759226E-001  1.623342909446566E-001  3.228382530054197E-001  5.506551412021974E-001  2.916077086704952E-002  3.426123794474264E+000
   168     1670  1.669999999999927E+000     1.622831963174175E-001  1.623761535682304E-001  3.227423214985782E-001  5.482985888054216E-001  2.914566429578213E-002  3.426774409317536E+000
   169     1680  1.679999999999926E+000     1.624150268069858E-001  1.624175964006209E-001  3.226492919623838E-001  5.459644752853069E-001  2.913102980755377E-002  3.427404874254505E+000
   170     1690  1.689999999999925E+000     1.625446491746455E-001  1.624586233080407E-001  3.225590766197493E-001  5.436526084745378E-001  2.911685178993905E-002  3.428015849990656E+000
   171     1700  1.699999999999924E+000     1.626721084452539E-001  1.624992381406977E-001  3.224715904003953E-001  5.413627971203276E-001  2.910311522727985E-002  3.428607971694795E+000
   172     1710  1.709999999999922E+000     1.627974486584039E-001  1.625394447321058E-001  3.223867508545395E-001  5.390948509111453E-001  2.908980567148230E-002  3.429181850319377E+000
   173     1720  1.719999999999921E+000     1.629207128881053E-001  1.625792468984140E-001  3.223044780694688E-001  5.368485805015919E-001  2.907690921468237E-002  3.429738073829177E+000
   174     1730  1.729999999999920E+000     1.630419432622441E-001  1.626186484377545E-001  3.222246945888956E-001  5.346237975355255E-001  2.906441246363837E-002  3.430277208345706E+000
   175     1740  1.739999999999919E+000     1.631611809818061E-001  1.626576531296093E-001  3.221473253349938E-001  5.324203146675484E-001  2.905230251571960E-002  3.430799799214260E+000
   176     1750  1.749999999999918E+000     1.632784663398568E-001  1.626962647341977E-001  3.220722975330277E-001  5.302379455829431E-001  2.904056693637099E-002  3.431306371999804E+000
   177     1760  1.759999999999917E+000     1.633938387402718E-001  1.627344869918846E-001  3.219995406384748E-001  5.280765050161536E-001  2.902919373794336E-002  3.431797433417456E+000
   178     1770  1.769999999999916E+000     1.635073367162076E-001  1.627723236226094E-001  3.219289862665577E-001  5.259358087678855E-001  2.901817135978796E-002  3.432273472202801E+000
   179     1780  1.779999999999915E+000     1.636189979483103E-001  1.628097783253374E-001  3.218605681241035E-001  5.238156737209149E-001  2.900748864952170E-002  3.432734959926837E+000
   180     1790  1.789999999999914E+000     1.637288592826560E-001  1.628468547775326E-001  3.217942219436437E-001  5.217159178546673E-001  2.899713484537789E-002  3.433182351759951E+000
   181     1800  1.799999999999913E+000     1.638369567484189E-001  1.628835566346535E-001  3.217298854196822E-001  5.196363602586430E-001  2.898709955956307E-002  3.433616087188921E+000
   182     1810  1.809999999999911E+000     1.639433255752643E-001  1.629198875296715E-001  3.216674981470520E-001  5.175768211447475E-001  2.897737276254812E-002  3.434036590690646E+000
   183     1820  1.819999999999910E+000     1.640480002104636E-001  1.629558510726120E-001  3.216070015612897E-001  5.155371218585867E-001  2.896794476822669E-002  3.434444272365922E+000
   184     1830  1.829999999999909E+000     1.641510143357312E-001  1.629914508501183E-001  3.215483388809596E-001  5.135170848897881E-001  2.895880621987987E-002  3.434839528536383E+000
   185     1840  1.839999999999908E+000     1.642524008837785E-001  1.630266904250392E-001  3.214914550518566E-001  5.115165338813927E-001  2.894994807689084E-002  3.435222742307374E+000
   186     1850  1.849999999999907E+000     1.643521920545885E-001  1.630615733360385E-001  3.214362966930273E-001  5.095352936383731E-001  2.894136160215770E-002  3.435594284099327E+000
   187     1860  1.859999999999906E+000     1.644504193314067E-001  1.630961030972282E-001  3.213828120445440E-001  5.075731901353190E-001  2.893303835015692E-002  3.435954512150014E+000
   188     1870  1.869999999999905E+000     1.645471134964522E-001  1.631302831978247E-001  3.213309509169733E-001  5.056300505233368E-001  2.892497015561332E-002  3.436303772989779E+000
   189     1880  1.879999999999904E+000     1.646423046463461E-001  1.631641171018257E-001  3.212806646424810E-001  5.037057031362041E-001  2.891714912273659E-002  3.436642401891766E+000
   190     1890  1.889999999999903E+000     1.647360222072612E-001  1.631976082477118E-001  3.212319060275168E-001  5.017999774958141E-001  2.890956761498691E-002  3.436970723298862E+000
   191     1900  1.899999999999902E+000     1.648282949497916E-001  1.632307600481682E-001  3.211846293070276E-001  4.999127043169497E-001  2.890221824533539E-002  3.437289051229087E+000
   192     1910  1.909999999999900E+000     1.649191510035458E-001  1.632635758898291E-001  3.211387901001435E-001  4.980437155114203E-001  2.889509386698787E-002  3.437597689660850E+000
   193     1920  1.919999999999899E+000     1.650086178714632E-001  1.632960591330424E-001  3.210943453672924E-001  4.961928441915911E-001  2.888818756454295E-002  3.437896932899514E+000
   194     1930  1.929999999999898E+000     1.650967224438586E-001  1.633282131116562E-001  3.210512533686882E-001  4.943599246733402E-001  2.888149264555718E-002  3.438187065926489E+000
   195     1940  1.939999999999897E+000     1.651834910121938E-001  1.633600411328249E-001  3.210094736241533E-001  4.925447924784659E-001  2.887500263249273E-002  3.438468364732025E+000
   196     1950  1.949999999999896E+000     1.652689492825817E-001  1.633915464768356E-001  3.209689668742251E-001  4.907472843365775E-001  2.886871125502450E-002  3.438741096632773E+000
   197     1960  1.959999999999895E+000     1.653531223890228E-001  1.634227323969538E-001  3.209296950425070E-001  4.889672381864902E-001  2.886261244268547E-002  3.439005520575059E+000
   198     1970  1.969999999999894E+000     1.654360349063795E-001  1.634536021192881E-001  3.208916211992194E-001  4.872044931771511E-001  2.885670031783059E-002  3.439261887424815E+000
   199     1980  1.979999999999893E+000     1.655177108630893E-001  1.634841588426728E-001  3.208547095259141E-001  4.854588896681193E-001  2.885096918890102E-002  3.439510440244930E+000
   200     1990  1.989999999999892E+000     1.655981737536205E-001  1.635144057385693E-001  3.208189252813100E-001  4.837302692296206E-001  2.884541354397194E-002  3.439751414560819E+000
   201     2000  1.999999999999891E+000     1.656774465506733E-001  1.635443459509838E-001  3.207842347682150E-001  4.820184746421986E-001  2.884002804456804E-002  3.439985038614899E+000
   202     2010  2.009999999999890E+000     1.657555517171308E-001  1.635739825964020E-001  3.207506053014978E-001  4.803233498959809E-001  2.883480751973235E-002  3.440211533610585E+000
   203     2020  2.019999999999889E+000     1.658325112177608E-001  1.636033187637404E-001  3.207180051770720E-001  4.786447401895804E-001  2.882974696033487E-002  3.440431113946448E+000
   204     2030  2.029999999999887E+000     1.659083465306739E-001  1.636323575143123E-001  3.206864036418655E-001  4.769824919286483E-001  2.882484151360827E-002  3.440643987441036E+000
   205     2040  2.039999999999886E+000     1.659830786585412E-001  1.636611018818099E-001  3.206557708647345E-001  4.753364527240968E-001  2.882008647789908E-002  3.440850355548884E+000
   206     2050  2.049999999999885E+000     1.660567281395732E-001  1.636895548722997E-001  3.206260779082976E-001  4.737064713900059E-001  2.881547729762341E-002  3.441050413568190E+000
   207     2060  2.059999999999884E+000     1.661293150582661E-001  1.637177194642326E-001  3.205972967016569E-001  4.720923979412320E-001  2.881100955841701E-002  3.441244350840564E+000
   208     2070  2.069999999999883E+000     1.662008590559172E-001  1.637455986084669E-001  3.205694000139767E-001  4.704940835907307E-001  2.880667898247013E-002  3.441432350943280E+000
   209     2080  2.079999999999882E+000     1.662713793409136E-001  1.637731952283037E-001  3.205423614288924E-001  4.689113807466100E-001  2.880248142403826E-002  3.441614591874389E+000
   210     2090  2.089999999999881E+000     1.663408946987974E-001  1.638005122195357E-001  3.205161553197235E-001  4.673441430089235E-001  2.879841286512044E-002  3.441791246231043E+000
   211     2100  2.099999999999880E+000     1.664094235021132E-001  1.638275524505060E-001  3.204907568254620E-001  4.657922251662228E-001  2.879446941129728E-002  3.441962481381366E+000
   212     2110  2.109999999999879E+000     1.664769837200372E-001  1.638543187621790E-001  3.204661418275131E-001  4.642554831918729E-001  2.879064728772149E-002  3.442128459630150E+000
   213     2120  2.119999999999878E+000     1.665435929277966E-001  1.638808139682217E-001  3.204422869271629E-001  4.627337742401504E-001  2.878694283525378E-002  3.442289338378684E+000
   214     2130  2.129999999999876E+000     1.666092683158793E-001  1.639070408550951E-001  3.204191694237487E-001  4.612269566421297E-001  2.878335250673794E-002  3.442445270278976E+000
   215     2140  2.139999999999875E+000     1.666740266990389E-001  1.639330021821542E-001  3.203967672935111E-001  4.597348899013701E-001  2.877987286340877E-002  3.442596403382597E+000
   216     2150  2.149999999999874E+000     1.667378845250990E-001  1.639587006817591E-001  3.203750591691040E-001  4.582574346894150E-001  2.877650057142727E-002  3.442742881284394E+000
   217     2160  2.159999999999873E+000     1.668008578835598E-001  1.639841390593919E-001  3.203540243197416E-001  4.567944528411110E-001  2.877323239853760E-002  3.442884843261302E+000
   218     2170  2.169999999999872E+000     1.668629625140103E-001  1.640093199937841E-001  3.203336426319626E-001  4.553458073497571E-001  2.877006521084069E-002  3.443022424406427E+000
   219     2180  2.179999999999871E+000     1.669242138143510E-001  1.640342461370501E-001  3.203138945909909E-001  4.539113623620936E-001  2.876699596967970E-002  3.443155755758639E+000
   220     2190  2.189999999999870E+000     1.669846268488296E-001  1.640589201148287E-001  3.202947612626741E-001  4.524909831731377E-001  2.876402172863272E-002  3.443284964427803E+000
   221     2200  2.199999999999869E+000     1.670442163558928E-001  1.640833445264306E-001  3.202762242759813E-001  4.510845362208757E-001  2.876113963060841E-002  3.443410173715875E+000
   222     2210  2.209999999999868E+000     1.671029967558596E-001  1.641075219449928E-001  3.202582658060410E-001  4.496918890808185E-001  2.875834690504043E-002  3.443531503233988E+000
   223     2220  2.219999999999867E+000     1.671609821584177E-001  1.641314549176388E-001  3.202408685577042E-001  4.483129104604287E-001  2.875564086517678E-002  3.443649069015700E+000
   224     2230  2.229999999999865E+000     1.672181863699471E-001  1.641551459656439E-001  3.202240157496130E-001  4.469474701934261E-001  2.875301890546038E-002  3.443762983626543E+000
   225     2240  2.239999999999864E+000     1.672746229006743E-001  1.641785975846063E-001  3.202076910987621E-001  4.455954392339790E-001  2.875047849899735E-002  3.443873356270015E+000
   226     2250  2.249999999999863E+000     1.673303049716616E-001  1.642018122446224E-001  3.201918788055325E-001  4.442566896507876E-001  2.874801719510950E-002  3.443980292890151E+000
   227     2260  2.259999999999862E+000     1.673852455216321E-001  1.642247923904663E-001  3.201765635391886E-001  4.429310946210658E-001  2.874563261696815E-002  3.444083896270792E+000
   228     2270  2.269999999999861E+000     1.674394572136370E-001  1.642475404417746E-001  3.201617304238182E-001  4.416185284244281E-001  2.874332245930596E-002  3.444184266131678E+000
   229     2280  2.279999999999860E+000     1.674929524415655E-001  1.642700587932334E-001  3.201473650247049E-001  4.403188664366866E-001  2.874108448620394E-002  3.444281499221474E+000
   230     2290  2.289999999999859E+000     1.675457433365032E-001  1.642923498147698E-001  3.201334533351175E-001  4.390319851235664E-001  2.873891652895104E-002  3.444375689407832E+000
   231     2300  2.299999999999858E+000     1.675978417729394E-001  1.643144158517461E-001  3.201199817635050E-001  4.377577620343407E-001  2.873681648397330E-002  3.444466927764619E+000
   232     2310  2.309999999999857E+000     1.676492593748299E-001  1.643362592251566E-001  3.201069371210812E-001  4.364960757953937E-001  2.873478231083057E-002  3.444555302656376E+000
   233     2320  2.319999999999856E+000     1.677000075215140E-001  1.643578822318278E-001  3.200943066097903E-001  4.352468061037157E-001  2.873281203027782E-002  3.444640899820129E+000
   234     2330  2.329999999999854E+000     1.677500973534932E-001  1.643792871446201E-001  3.200820778106391E-001  4.340098337203362E-001  2.873090372238916E-002  3.444723802444636E+000
   235     2340  2.339999999999853E+000     1.677995397780715E-001  1.644004762126318E-001  3.200702386723848E-001  4.327850404636970E-001  2.872905552474211E-002  3.444804091247142E+000
   236     2350  2.349999999999852E+000     1.678483454748614E-001  1.644214516614049E-001  3.200587775005674E-001  4.315723092029727E-001  2.872726563066016E-002  3.444881844547761E+000
   237     2360  2.359999999999851E+000     1.678965249011588E-001  1.644422156931328E-001  3.200476829468755E-001  4.303715238513408E-001  2.872553228751135E-002  3.444957138341521E+000
   238     2370  2.369999999999850E+000     1.679440882971888E-001  1.644627704868685E-001  3.200369439988354E-001  4.291825693592073E-001  2.872385379506126E-002  3.445030046368193E+000
   239     2380  2.379999999999849E+000     1.679910456912268E-001  1.644831181987352E-001  3.200265499698149E-001  4.280053317073892E-001  2.872222850387819E-002  3.445100640179949E+000
   240     2390  2.389999999999848E+000     1.680374069045945E-001  1.645032609621367E-001  3.200164904893272E-001  4.268396979002615E-001  2.872065481378901E-002  3.445168989206921E+000
   241     2400  2.399999999999847E+000     1.680831815565383E-001  1.645232008879690E-001  3.200067554936312E-001  4.256855559588681E-001  2.871913117238374E-002  3.445235160820753E+000
   242     2410  2.409999999999846E+000     1.681283790689879E-001  1.645429400648332E-001  3.199973352166158E-001  4.245427949140037E-001  2.871765607356739E-002  3.445299220396188E+000
   243     2420  2.419999999999844E+000     1.681730086712010E-001  1.645624805592471E-001  3.199882201809593E-001  4.234113047992676E-001  2.871622805615724E-002  3.445361231370766E+000
   244     2430  2.429999999999843E+000     1.682170794042956E-001  1.645818244158589E-001  3.199794011895573E-001  4.222909766440934E-001  2.871484570252433E-002  3.445421255302685E+000
   245     2440  2.439999999999842E+000     1.682606001256721E-001  1.646009736576599E-001  3.199708693172075E-001  4.211817024667593E-001  2.871350763727736E-002  3.445479351926902E+000
   246     2450  2.449999999999841E+000     1.683035795133286E-001  1.646199302861973E-001  3.199626159025479E-001  4.200833752673793E-001  2.871221252598781E-002  3.445535579209507E+000
   247     2460  2.459999999999840E+000     1.683460260700706E-001  1.646386962817872E-001  3.199546325402356E-001  4.189958890208791E-001  2.871095907395477E-002  3.445589993400445E+000
   248     2470  2.469999999999839E+000     1.683879481276191E-001  1.646572736037271E-001  3.199469110733629E-001  4.179191386699617E-001  2.870974602500833E-002  3.445642649084629E+000
   249     2480  2.479999999999838E+000     1.684293538506180E-001  1.646756641905074E-001  3.199394435861008E-001  4.168530201180608E-001  2.870857216035004E-002  3.445693599231491E+000
   250     2490  2.489999999999837E+000     1.684702512405435E-001  1.646938699600237E-001  3.199322223965639E-001  4.157974302222897E-001  2.870743629742941E-002  3.445742895243043E+000
   251     2500  2.499999999999836E+000     1.685106481395193E-001  1.647118928097873E-001  3.199252400498893E-001  4.147522667863833E-001  2.870633728885519E-002  3.445790587000459E+000
   252     2510  2.509999999999835E+000     1.685505522340366E-001  1.647297346171349E-001  3.199184893115239E-001  4.137174285536399E-001  2.870527402134024E-002  3.445836722909263E+000
   253     2520  2.519999999999833E+000     1.685899710585844E-001  1.647473972394384E-001  3.199119631607134E-001  4.126928151998612E-001  2.870424541467906E-002  3.445881349943128E+000
   254     2530  2.529999999999832E+000     1.686289119991908E-001  1.647648825143129E-001  3.199056547841846E-001  4.116783273262953E-001  2.870325042075672E-002  3.445924513686376E+000
   255     2540  2.539999999999831E+000     1.686673822968764E-001  1.647821922598242E-001  3.198995575700191E-001  4.106738664525840E-001  2.870228802258836E-002  3.445966258375170E+000
   256     2550  2.549999999999830E+000     1.687053890510239E-001  1.647993282746950E-001  3.198936651017086E-001  4.096793350097152E-001  2.870135723338809E-002  3.446006626937479E+000
   257     2560  2.559999999999829E+000     1.687429392226647E-001  1.648162923385097E-001  3.198879711523898E-001  4.086946363329844E-001  2.870045709566655E-002  3.446045661031827E+000
   258     2570  2.569999999999828E+000     1.687800396376842E-001  1.648330862119186E-001  3.198824696792492E-001  4.077196746549650E-001  2.869958668035602E-002  3.446083401084889E+000
   259     2580  2.579999999999827E+000     1.688166969899485E-001  1.648497116368404E-001  3.198771548180968E-001  4.067543550984910E-001  2.869874508596233E-002  3.446119886327934E+000
   260     2590  2.589999999999826E+000     1.688529178443547E-001  1.648661703366629E-001  3.198720208781016E-001  4.057985836696527E-001  2.869793143774261E-002  3.446155154832196E+000
   261     2600  2.599999999999825E+000     1.688887086398047E-001  1.648824640164436E-001  3.198670623366829E-001  4.048522672508057E-001  2.869714488690816E-002  3.446189243543171E+000
   262     2610  2.609999999999824E+000     1.689240756921074E-001  1.648985943631074E-001  3.198622738345555E-001  4.039153135935986E-001  2.869638460985162E-002  3.446222188313883E+000
   263     2620  2.619999999999822E+000     1.689590251968072E-001  1.649145630456439E-001  3.198576501709198E-001  4.029876313120166E-001  2.869564980739755E-002  3.446254023937157E+000
   264     2630  2.629999999999821E+000     1.689935632319449E-001  1.649303717153023E-001  3.198531862987987E-001  4.020691298754446E-001  2.869493970407586E-002  3.446284784176926E+000
   265     2640  2.639999999999820E+000     1.690276957607489E-001  1.649460220057856E-001  3.198488773205094E-001  4.011597196017508E-001  2.869425354741725E-002  3.446314501798596E+000
   266     2650  2.649999999999819E+000     1.690614286342600E-001  1.649615155334427E-001  3.198447184832730E-001  4.002593116503921E-001  2.869359060727000E-002  3.446343208598512E+000
   267     2660  2.659999999999818E+000     1.690947675938927E-001  1.649768538974585E-001  3.198407051749518E-001  3.993678180155422E-001  2.869295017513745E-002  3.446370935432538E+000
   268     2670  2.669999999999817E+000     1.691277182739317E-001  1.649920386800436E-001  3.198368329199148E-001  3.984851515192429E-001  2.869233156353551E-002  3.446397712243781E+000
   269     2680  2.679999999999816E+000     1.691602862039670E-001  1.650070714466206E-001  3.198330973750252E-001  3.976112258045824E-001  2.869173410536953E-002  3.446423568089489E+000
   270     2690  2.689999999999815E+000     1.691924768112696E-001  1.650219537460102E-001  3.198294943257471E-001  3.967459553288979E-001  2.869115715333002E-002  3.446448531167158E+000
   271     2700  2.699999999999814E+000     1.692242954231075E-001  1.650366871106148E-001  3.198260196823670E-001  3.958892553570065E-001  2.869060007930663E-002  3.446472628839846E+000
   272     2710  2.709999999999813E+000     1.692557472690055E-001  1.650512730566004E-001  3.198226694763280E-001  3.950410419544623E-001  2.869006227381957E-002  3.446495887660743E+000
   273     2720  2.719999999999811E+000     1.692868374829474E-001  1.650657130840772E-001  3.198194398566712E-001  3.942012319808456E-001  2.868954314546839E-002  3.446518333397004E+000
   274     2730  2.729999999999810E+000     1.693175711055257E-001  1.650800086772778E-001  3.198163270865845E-001  3.933697430830791E-001  2.868904212039708E-002  3.446539991052888E+000
   275     2740  2.739999999999809E+000     1.693479530860371E-001  1.650941613047342E-001  3.198133275400508E-001  3.925464936887755E-001  2.868855864177547E-002  3.446560884892183E+000
   276     2750  2.749999999999808E+000     1.693779882845262E-001  1.651081724194524E-001  3.198104376985967E-001  3.917314029996175E-001  2.868809216929593E-002  3.446581038459997E+000
   277     2760  2.759999999999807E+000     1.694076814737787E-001  1.651220434590862E-001  3.198076541481373E-001  3.909243909847678E-001  2.868764217868534E-002  3.446600474603872E+000
   278     2770  2.769999999999806E+000     1.694370373412661E-001  1.651357758461077E-001  3.198049735759138E-001  3.901253783743142E-001  2.868720816123156E-002  3.446619215494303E+000
   279     2780  2.779999999999805E+000     1.694660604910412E-001  1.651493709879779E-001  3.198023927675202E-001  3.893342866527468E-001  2.868678962332410E-002  3.446637282644620E+000
   280     2790  2.789999999999804E+000     1.694947554455880E-001  1.651628302773135E-001  3.197999086040202E-001  3.885510380524692E-001  2.868638608600856E-002  3.446654696930299E+000
   281     2800  2.799999999999803E+000     1.695231266476243E-001  1.651761550920538E-001  3.197975180591474E-001  3.877755555473453E-001  2.868599708455422E-002  3.446671478607700E+000
   282     2810  2.809999999999802E+000     1.695511784618620E-001  1.651893467956244E-001  3.197952181965870E-001  3.870077628462796E-001  2.868562216803475E-002  3.446687647332243E+000
   283     2820  2.819999999999800E+000     1.695789151767219E-001  1.652024067370996E-001  3.197930061673399E-001  3.862475843868348E-001  2.868526089892122E-002  3.446703222176054E+000
   284     2830  2.829999999999799E+000     1.696063410060077E-001  1.652153362513632E-001  3.197908792071628E-001  3.854949453288850E-001  2.868491285268730E-002  3.446718221645090E+000
   285     2840  2.839999999999798E+000     1.696334600905377E-001  1.652281366592674E-001  3.197888346340839E-001  3.847497715483049E-001  2.868457761742628E-002  3.446732663695751E+000
   286     2850  2.849999999999797E+000     1.696602764997371E-001  1.652408092677897E-001  3.197868698459915E-001  3.840119896306971E-001  2.868425479347934E-002  3.446746565751011E+000
   287     2860  2.859999999999796E+000     1.696867942331910E-001  1.652533553701885E-001  3.197849823182938E-001  3.832815268651560E-001  2.868394399307501E-002  3.446759944716064E+000
   288     2870  2.869999999999795E+000     1.697130172221586E-001  1.652657762461563E-001  3.197831696016470E-001  3.825583112380695E-001  2.868364483997924E-002  3.446772816993514E+000
   289     2880  2.879999999999794E+000     1.697389493310508E-001  1.652780731619717E-001  3.197814293197506E-001  3.818422714269595E-001  2.868335696915587E-002  3.446785198498127E+000
   290     2890  2.889999999999793E+000     1.697645943588714E-001  1.652902473706495E-001  3.197797591672066E-001  3.811333367943603E-001  2.868308002643718E-002  3.446797104671123E+000
   291     2900  2.899999999999792E+000     1.697899560406229E-001  1.653023001120894E-001  3.197781569074425E-001  3.804314373817358E-001  2.868281366820421E-002  3.446808550494077E+000
   292     2910  2.909999999999791E+000     1.698150380486777E-001  1.653142326132218E-001  3.197766203706948E-001  3.797365039034356E-001  2.868255756107651E-002  3.446819550502388E+000
   293     2920  2.919999999999789E+000     1.698398439941159E-001  1.653260460881534E-001  3.197751474520509E-001  3.790484677406905E-001  2.868231138161113E-002  3.446830118798362E+000
   294     2930  2.929999999999788E+000     1.698643774280300E-001  1.653377417383102E-001  3.197737361095491E-001  3.783672609356484E-001  2.868207481601048E-002  3.446840269063915E+000
   295     2940  2.939999999999787E+000     1.698886418427986E-001  1.653493207525794E-001  3.197723843623349E-001  3.776928161854478E-001  2.868184755983879E-002  3.446850014572892E+000
   296     2950  2.949999999999786E+000     1.699126406733278E-001  1.653607843074487E-001  3.197710902888699E-001  3.770250668363325E-001  2.868162931774700E-002  3.446859368203032E+000
   297     2960  2.959999999999785E+000     1.699363772982633E-001  1.653721335671451E-001  3.197698520251934E-001  3.763639468778066E-001  2.868141980320577E-002  3.446868342447577E+000
   298     2970  2.969999999999784E+000     1.699598550411722E-001  1.653833696837712E-001  3.197686677632360E-001  3.757093909368289E-001  2.868121873824628E-002  3.446876949426541E+000
   299     2980  2.979999999999783E+000     1.699830771716967E-001  1.653944937974404E-001  3.197675357491809E-001  3.750613342720486E-001  2.868102585320887E-002  3.446885200897656E+000
   300     2990  2.989999999999782E+000     1.700060469066794E-001  1.654055070364101E-001  3.197664542818745E-001  3.744197127680796E-001  2.868084088649882E-002  3.446893108266988E+000
   301     3000  2.999999999999781E+000     1.700287674112614E-001  1.654164105172138E-001  3.197654217112832E-001  3.737844629298175E-001  2.868066358434954E-002  3.446900682599239E+000
